colors5 <-
c("#ffe37f", "#ff7fb6", "#7feeff", "#ffbf00", "#ff0080", "#00ffff", 
"#80743d", "#803d55", "#3d6d80", "#f6ff7f", "#ff837f", "#887fff", 
"#fbff00", "#ff0900", "#0d00ff", "#7f8743", "#874843", "#4b4387", 
"#ffc582", "#ff82f9", "#82ff8f", "#ff8103", "#ff03ff", "#03ff03", 
"#8a6b45", "#8a4583", "#458a53")
